-0.1441301908415051 1.0000000000000000
-0.0000003797279550 0.1000000000000000
-0.0000000000033212 0.0100000000000000
0.0000000000000247 0.0010000000000000
0.0000000000016976 0.0001000000000000
0.0000000000819978 0.0000100000000000
0.0000000002961319 0.0000010000000000
0.0000000066344988 0.0000001000000000
0.0000000354141108 0.0000000100000000
0.0000004958879024 0.0000000010000000
0.0000010221436643 0.0000000001000000
0.0000599627889936 0.0000000000100000
0.0008907452183968 0.0000000000010000
0.0030462888190108 0.0000000000001000
0.0116684632214664 0.0000000000000100
0.2875780441000482 0.0000000000000010
