2.3264953497622476 1.0000000000000000
2.7182807962514453 0.1000000000000000
2.7182818284500172 0.0100000000000000
2.7182818284591121 0.0010000000000000
2.7182818284636596 0.0001000000000000
2.7182818286819384 0.0000100000000000
2.7182818292640150 0.0000010000000000
2.7182818464934826 0.0000001000000000
2.7182819247245789 0.0000000100000000
2.7182831764221191 0.0000000010000000
2.7182846069335938 0.0000000001000000
2.7184448242187500 0.0000000000100000
2.7207031250000000 0.0000000000010000
2.7265625000000000 0.0000000000001000
2.7500000000000000 0.0000000000000100
3.5000000000000000 0.0000000000000010
