0.1313862431960216 1.0000000000000000
0.0000054415573045 0.1000000000000000
0.0000000005041702 0.0100000000000000
-0.0000000000004772 0.0010000000000000
-0.0000000000009791 0.0001000000000000
-0.0000000000250692 0.0000100000000000
-0.0000000003890970 0.0000010000000000
-0.0000000002177898 0.0000001000000000
-0.0000000194041978 0.0000000100000000
-0.0000002057864468 0.0000000010000000
-0.0000003812050340 0.0000000001000000
-0.0000073979485256 0.0000000000100000
-0.0000073979485256 0.0000000000010000
0.0001722306848589 0.0000000000001000
-0.0228202343883563 0.0000000000000100
0.1036383235143270 0.0000000000000010
