-0.1358540017532098 1.0000000000000000
-0.0000868096303380 0.1000000000000000
-0.0000000836680645 0.0100000000000000
-0.0000000000834541 0.0010000000000000
-0.0000000000003099 0.0001000000000000
0.0000000000070509 0.0000100000000000
-0.0000000000464826 0.0000010000000000
0.0000000011526679 0.0000001000000000
-0.0000000084405361 0.0000000100000000
-0.0000000303678595 0.0000000010000000
0.0000003204693151 0.0000000001000000
0.0000094422358542 0.0000000000100000
0.0000824163681666 0.0000000000010000
-0.0005462838486791 0.0000000000001000
-0.0113240018517487 0.0000000000000100
0.1036383235143270 0.0000000000000010
