2.3489923641698516 1.0000000000000000
2.7180458554183620 0.1000000000000000
2.7182816010256659 0.0100000000000000
2.7182818282321932 0.0010000000000000
2.7182818284582027 0.0001000000000000
2.7182818284782115 0.0000100000000000
2.7182818283326924 0.0000010000000000
2.7182818315923214 0.0000001000000000
2.7182818055152893 0.0000000100000000
2.7182817459106445 0.0000000010000000
2.7182826995849609 0.0000000001000000
2.7183074951171875 0.0000000000100000
2.7185058593750000 0.0000000000010000
2.7167968750000000 0.0000000000001000
2.6875000000000000 0.0000000000000100
3.0000000000000000 0.0000000000000010
