3.0754266658482914 1.0000000000000000
2.7182966201453844 0.1000000000000000
2.7182818298295217 0.0100000000000000
2.7182818284577479 0.0010000000000000
2.7182818284563837 0.0001000000000000
2.7182818283909000 0.0000100000000000
2.7182818274013698 0.0000010000000000
2.7182818278670311 0.0000001000000000
2.7182817757129669 0.0000000100000000
2.7182812690734863 0.0000000010000000
2.7182807922363281 0.0000000001000000
2.7182617187500000 0.0000000000100000
2.7182617187500000 0.0000000000010000
2.7187500000000000 0.0000000000001000
2.6562500000000000 0.0000000000000100
3.0000000000000000 0.0000000000000010
